function [values, temperatures, wavelengths] = daylight_spectrum()

% vraci spektralni intenzitu "denniho" svetla pro ruzne teploty
%
% intenzity jsou relativni, normovane tak, ze na vlnove delce 560 nm maji hodnotu 100
%
% values..........vystupni hodnoty pro vlnove delky 300, 310 az 830 nm
%            pro teploty
%            5000,  5500, 6000, 6500, 7000, 7500, 8000, 10000, 15000, 20000 K
%            jako sloupce matice
%
% data jsou prebrana z knihy
% Wyszecki & Stiles. Color Science. 2nd edition. Wiley. 2000.
% tabulka 2(1.2.1). strany 8 a 9

% (c) 2013 Pavel Rajmic. Brno University of Technology. Czech Republic


values = [...
0.02	0.02	0.03	0.03	0.04	0.04	0.05	0.06	0.08	0.09
2.05	2.07	2.55	3.29	4.17	5.13	6.1	9.77	16.27	20.03
7.77	11.2	15.51	20.21	25.01	29.78	34.38	50.58	77.21	92.12
14.73	20.61	28.36	37	45.94	54.87	63.54	94.28	145.16	173.76
17.93	23.85	31.48	39.9	48.57	57.2	65.57	95.13	143.92	171.3
20.99	27.78	36.01	44.86	53.83	62.68	71.2	101.04	149.8	177.02
23.92	30.58	38.37	46.59	54.84	62.93	70.68	97.65	141.4	165.74
26.94	34.27	42.89	52.04	61.23	70.25	78.91	109.06	158.06	185.33
24.46	32.54	41.19	49.93	58.45	66.65	74.41	100.9	142.96	166.09
29.84	38.04	46.41	54.6	62.46	69.91	76.9	100.45	137.24	157.28
49.26	60.89	72.09	82.7	92.61	101.87	110.43	138.72	181.86	205.04
56.46	68.49	80.23	91.42	101.96	111.83	120.99	151.41	198.08	223.24
59.98	71.52	82.72	93.37	103.38	112.74	121.42	150.18	194.21	217.92
57.77	67.86	77.52	86.63	95.13	103.04	110.35	134.44	171.07	190.72
74.78	85.55	95.57	104.81	113.32	121.15	128.32	151.66	186.55	205.07
87.2	97.94	107.85	116.96	125.3	132.96	139.96	162.67	196.45	214.34
90.57	100.41	109.47	117.77	125.35	132.31	138.66	159.22	189.74	205.88
91.33	99.87	107.69	114.82	121.33	127.28	132.71	150.23	176.16	189.84
95.07	102.7	109.62	115.89	121.58	126.76	131.48	146.62	168.89	180.58
91.93	98.05	103.65	108.78	113.46	117.75	121.67	134.32	153.07	162.97
95.7	100.65	105.19	109.33	113.11	116.57	119.72	129.9	144.96	152.91
96.59	100.67	104.4	107.78	110.87	113.68	116.25	124.51	136.71	143.14
97.12	99.97	102.51	104.78	106.81	108.65	110.3	115.57	123.18	127.14
102.09	104.2	106.05	107.68	109.13	110.44	111.61	115.29	120.54	123.25
100.75	102.1	103.31	104.4	105.39	106.28	107.1	109.7	113.5	115.48
102.31	102.96	103.54	104.04	104.49	104.9	105.27	106.42	108.06	108.92
100	100	100	100	100	100	100	100	100	100
97.74	97.22	96.75	96.34	95.96	95.62	95.31	94.32	92.88	92.13
98.92	97.75	96.72	95.79	94.96	94.22	93.54	91.41	88.32	86.72
93.51	91.44	89.89	88.69	87.75	87	86.39	84.82	83.26	82.68
97.71	94.44	91.95	90.02	88.48	87.24	86.21	83.5	80.65	79.52
99.29	95.16	92.03	89.61	87.7	86.15	84.89	81.57	78.15	76.83
99.07	94.24	90.57	87.71	85.44	83.59	82.08	78.04	73.77	72.07
95.75	90.47	86.45	83.3	80.8	78.76	77.08	72.59	67.79	65.85
98.89	92.36	87.47	83.72	80.79	78.44	76.55	71.7	67	65.32
95.71	88.89	83.85	80.05	77.12	74.82	72.99	68.48	64.55	63.37
98.23	90.36	84.57	80.24	76.92	74.34	72.31	67.4	63.39	62.33
103.05	93.99	87.32	82.3	78.45	75.44	73.06	67.25	62.35	60.96
99.18	90	83.3	78.31	74.52	71.6	69.31	63.9	59.79	58.88
87.42	79.71	74.03	69.74	66.45	63.87	61.82	56.81	52.51	51.26
91.65	82.88	76.45	71.63	67.96	65.1	62.84	57.42	53.04	51.92
92.93	84.88	78.91	74.37	70.86	68.09	65.87	60.33	55.31	53.69
76.89	70.27	65.35	61.62	58.74	56.46	54.64	50.09	45.98	44.66
86.55	79.34	73.98	69.91	66.75	64.26	62.26	57.27	52.71	51.23
92.62	85.03	79.39	75.11	71.79	69.17	67.07	61.82	57.03	55.48
78.27	71.91	67.19	63.61	60.84	58.64	56.89	52.5	48.51	47.22
57.72	52.82	49.18	46.43	44.31	42.63	41.29	37.96	34.98	34.04
82.96	75.96	70.77	66.83	63.78	61.37	59.44	54.64	50.3	48.91
78.31	71.85	67.05	63.4	60.58	58.34	56.55	52.06	47.97	46.63
79.59	72.97	68.05	64.32	61.44	59.16	57.34	52.79	48.68	47.36
73.44	67.38	62.88	59.47	56.83	54.74	53.08	48.91	45.15	43.93
63.95	58.75	54.9	51.97	49.71	47.93	46.5	42.95	39.75	38.73
70.81	65.02	60.72	57.46	54.93	52.93	51.33	47.32	43.68	42.49
74.48	68.34	63.78	60.33	57.66	55.55	53.87	49.68	45.9	44.7];

temperatures = [5000,  5500, 6000, 6500, 7000, 7500, 8000, 10000, 15000, 20000]';
wavelengths = (300:10:830)';