function [values, wavelengths] = metameric_spectra_C()

% vraci spektralni intenzitu ruznych "sedych" materialu, ktere jsou
% metamericke pro iluminant C a standardniho pozorovatele CIE 1931
%
% values..........vystupni hodnoty pro vlnove delky 380, 390 az 760 nm
%            jako sloupce matice
%
% data jsou prebrana z knihy
% Wyszecki & Stiles. Color Science. 2nd edition. Wiley. 2000.
% tabulka III(3.8.2), str. 783

% (c) 2013 Pavel Rajmic. Brno University of Technology. Czech Republic


values = [...
5.75	4.37	16.13	11.48	2.43	25.50	60.61	21.90	27.06	24.11	37.49	10.42
20.17	10.81	17.70	11.70	4.14	29.19	60.17	22.08	29.45	31.58	37.81	11.01
35.10	17.66	21.73	12.43	6.08	31.50	55.03	22.08	30.96	37.03	37.70	11.68
44.19	22.79	25.79	12.57	8.19	32.68	46.11	22.25	31.72	40.26	37.15	12.20
47.62	25.90	28.95	13.01	10.14	33.14	37.48	22.43	32.02	41.67	36.55	12.99
46.17	28.34	30.64	13.30	12.98	33.27	32.30	22.61	32.10	41.06	35.69	13.64
41.97	29.64	31.26	13.42	15.65	32.97	29.86	22.96	31.91	39.15	34.51	14.43
35.29	30.04	30.89	29.92	28.58	32.30	28.90	23.50	31.48	35.21	32.99	15.63
27.44	30.73	29.61	48.87	43.89	31.21	28.47	26.68	30.77	29.06	30.86	22.58
16.17	30.23	25.95	47.70	46.37	28.77	28.25	39.85	29.18	19.33	27.11	51.99
8.51	30.73	23.50	37.42	43.41	24.78	28.16	52.83	26.85	9.60	21.84	81.21
6.34	32.85	34.26	26.07	39.83	20.12	28.12	49.80	24.08	4.94	16.14	75.39
6.37	35.35	43.21	28.74	37.96	16.34	28.12	40.23	21.71	6.44	11.97	54.57
6.53	37.08	44.78	44.96	36.49	12.10	28.11	35.28	18.54	28.78	7.37	37.87
6.64	37.69	42.69	48.52	35.55	9.54	28.30	34.54	15.93	58.60	4.33	27.99
6.77	36.64	37.98	41.36	33.97	20.39	30.29	31.71	14.75	57.52	5.53	22.96
14.04	33.54	32.33	31.23	30.98	40.11	33.35	28.77	23.15	43.41	19.10	21.41
56.96	28.51	27.07	22.22	26.43	35.82	32.54	26.20	41.36	28.22	48.95	20.48
67.92	21.45	22.75	16.76	20.02	29.29	30.94	24.33	51.46	16.64	66.21	20.29
60.46	14.65	19.85	15.58	13.62	38.19	29.71	23.22	47.11	9.04	60.02	21.65
48.11	8.90	18.12	18.93	8.18	59.62	28.95	22.53	37.23	4.72	45.36	24.85
35.13	24.25	17.02	23.94	27.34	50.61	28.49	22.22	28.13	24.67	31.76	28.39
23.60	68.54	16.47	29.79	70.78	34.29	28.22	22.06	21.43	67.08	21.61	32.08
14.33	58.56	17.05	35.20	59.50	20.65	28.10	22.51	17.27	56.61	15.20	35.87
8.09	36.76	30.35	40.21	38.32	11.79	28.15	31.64	14.46	36.73	11.64	39.37
4.22	21.45	77.96	44.01	22.82	6.26	29.15	63.99	13.26	21.75	9.56	42.07
1.88	11.77	80.00	47.37	12.59	2.91	33.94	65.38	17.29	12.00	9.12	44.77
0.94	5.89	64.92	50.29	6.29	1.28	35.68	55.13	42.31	6.00	8.71	47.07
0.31	2.94	49.84	52.49	3.15	0.74	34.90	44.88	62.23	3.00	8.78	48.88
0.16	1.26	39.24	54.24	1.57	0.83	33.85	37.68	65.28	1.50	9.53	50.44
0.00	0.42	31.17	55.78	0.79	1.13	33.14	32.15	61.63	0.75	13.10	51.80
0.00	0.00	26.94	57.24	0.39	1.81	34.43	28.82	57.20	0.37	21.55	52.98
0.59	0.19	25.30	58.12	0.00	2.23	39.38	26.33	52.65	0.00	32.31	53.81
1.88	0.61	24.97	58.85	0.00	2.31	45.56	24.67	48.26	0.00	38.86	54.55
2.82	0.92	24.38	59.58	0.00	2.23	50.62	23.56	44.22	0.00	42.52	55.32
4.93	1.61	23.94	60.24	0.00	2.10	54.81	22.73	40.78	0.00	44.29	56.02
6.34	2.06	23.29	60.89	0.00	2.02	58.17	22.18	37.17	0.00	44.74	56.69
7.28	2.37	22.97	61.48	0.00	1.89	59.99	21.90	34.36	0.00	44.95	57.30
8.21	2.68	23.05	61.99	0.00	1.81	58.59	21.90	31.37	0.00	45.18	57.87...
];

wavelengths = (380:10:760)';