function [values, wavelengths] = metameric_spectra_D65()

% vraci spektralni intenzitu ruznych "sedych" materialu, ktere jsou
% metamericke pro iluminant D65 a standardniho pozorovatele CIE 1931
%
% values..........vystupni hodnoty pro vlnove delky 400, 410 az 700 nm
%            jako sloupce matice
%
% data jsou prebrana z knihy
% Wyszecki & Stiles. Color Science. 2nd edition. Wiley. 2000.
% tabulka IV(3.8.2), str. 784

% (c) 2013 Pavel Rajmic. Brno University of Technology. Czech Republic


values = [...
35.11	17.66	21.74	12.41	6.06	31.50	55.03	22.07	30.96	37.04	37.70	11.66
44.22	22.78	25.81	12.50	8.12	32.68	46.11	22.23	31.72	40.31	37.16	12.14
47.74	25.87	29.01	12.80	9.90	33.15	37.48	22.37	32.02	41.83	36.57	12.80
46.44	28.29	30.74	12.87	12.50	33.30	32.31	22.48	32.10	41.37	35.73	13.27
42.41	29.57	31.39	12.74	14.93	33.04	29.87	22.76	31.92	39.60	34.60	13.88
35.84	29.97	31.00	29.12	27.79	32.41	28.91	23.26	31.52	35.68	33.14	15.03
28.04	30.68	29.64	48.07	43.18	31.36	28.47	26.44	30.86	29.45	31.08	22.04
16.74	30.21	25.88	47.02	45.88	28.96	28.24	39.65	29.32	19.54	27.40	51.64
9.05	30.73	23.31	36.88	43.16	25.01	28.14	52.67	27.05	9.58	22.21	81.07
6.87	32.86	33.97	25.64	39.77	20.38	28.10	49.68	24.35	4.7 	16.59	75.42
7.03	35.34	42.78	28.27	38.01	16.70	28.09	40.11	22.12	5.98	12.61	54.74
7.41	37.04	44.18	44.39	36.61	12.59	28.07	35.15	19.14	28.02	8.28	38.19
7.73	37.59	41.96	47.86	35.69	10.14	28.25	34.40	16.71	57.56	5.49	28.42
8.01	36.44	37.20	40.63	34.06	21.05	30.24	31.58	15.67	56.25	6.86	23.46
15.23	33.25	31.64	30.55	30.96	40.72	33.32	28.68	24.08	42.10	20.40	21.89
58.03	28.12	26.53	21.62	26.27	36.33	32.52	26.16	42.26	26.91	50.15	20.90
68.78	20.96	22.44	16.31	16.69	29.65	30.95	24.35	52.25	15.46	67.20	20.61
61.06	14.08	19.80	15.30	13.12	38.36	29.74	23.31	47.74	8.03	60.73	21.84
48.45	8.24	18.35	18.84	7.51	59.59	29.01	22.69	37.70	3.90	45.79	24.90
35.20	23.57	17.47	24.02	26.57	50.42	28.57	22.43	28.41	24.10	31.89	28.32
23.48	67.82	17.09	29.99	69.92	33.97	28.31	22.31	21.58	66.68	21.52	31.91
14.09	57.90	17.72	35.47	58.67	20.28	28.19	22.76	17.32	56.35	14.98	35.66
7.84	36.22	30.95	40.47	37.62	11.44	28.23	31.86	14.46	36.58	11.39	39.17
4.02	21.07	78.41	44.21	22.32	6.00	29.21	64.51	13.24	21.67	9.35	41.91
1.73	11.51	80.33	47.52	12.24	2.72	33.98	65.49	17.27	11.95	8.96	44.65
0.85	5.74	65.12	50.38	6.08	1.16	35.70	55.20	42.29,	5.98	8.61	47.00
0.27	2.86	49.96	52.54	3.03	0.67	34.91	44.92	62.22	2.99	8.72	48.84
0.14	1.22	39.30	54.27	1.51	0.79	33.86	37.70	65.27	1.49	9.50	50.42
0.00	0.40	31.20	55.80	0.76	1.11	33.14	32.16	61.63	0.75	13.08	51.79
0.01	0.00	26.95	57.25	0.38	1.80	34.43	28.82	57.20	0.37	21.54	52.97
0.60	0.20	25.31	58.12	0.00	2.23	39.38	26.33	52.65	0.00	32.31	53.81
];

wavelengths = (400:10:700)';