function [wavelengths, power] = zmerena_spektra_zdroju()

% Vraci spektra zmerenych zdroju
% (Mereno v lednu 2020, Jan Skoda, FEKT)

% (c) 2020 Pavel Rajmic, Brno University of Technology, Czech Republic

%Wavelength [nm]	Pe [W/nm]	Pe [W/nm]	Pe [W/nm]	Pe [W/nm]
matrix = [...
350	9.20837E-05	0.00000E+00	2.74706E-05	5.82959E-05
351	6.34129E-05	0.00000E+00	7.49122E-06	8.93539E-05
352	4.47716E-05	0.00000E+00	2.70872E-05	2.22316E-05
353	1.00976E-04	4.18500E-06	1.93893E-05	7.73075E-06
354	3.21839E-05	1.20183E-05	6.10952E-06	5.87599E-05
355	2.47341E-05	2.58628E-05	5.16484E-06	5.68988E-05
356	7.37114E-05	2.81725E-05	0.00000E+00	4.47799E-05
357	4.36873E-06	2.62418E-05	3.64902E-06	4.12925E-05
358	2.60451E-05	9.89098E-06	1.03141E-05	4.50667E-05
359	8.45256E-05	2.91704E-06	1.29490E-05	3.99463E-05
360	4.60460E-05	2.61331E-06	7.61465E-07	2.06743E-05
361	5.71467E-05	5.53376E-06	3.10743E-05	5.48973E-05
362	4.35738E-05	2.61929E-05	4.69560E-05	4.50296E-05
363	1.66903E-05	0.00000E+00	3.73592E-05	8.85263E-06
364	4.64559E-05	0.00000E+00	2.86328E-05	3.34305E-05
365	9.03933E-05	0.00000E+00	2.19469E-06	2.08220E-05
366	1.02400E-05	0.00000E+00	1.52136E-05	2.51989E-05
367	1.27713E-05	4.61641E-06	1.24728E-06	5.26246E-05
368	1.88441E-05	7.28417E-06	1.18024E-05	6.88934E-05
369	1.87296E-05	0.00000E+00	5.97432E-06	3.46963E-05
370	4.81377E-05	1.38909E-05	0.00000E+00	2.12782E-06
371	3.99756E-05	2.42414E-05	5.99285E-07	5.02381E-05
372	8.35796E-05	1.84121E-06	7.14413E-06	1.36729E-05
373	3.00773E-05	3.47192E-06	3.75222E-06	1.43085E-05
374	3.53054E-05	1.68147E-05	0.00000E+00	2.40454E-05
375	6.03931E-05	3.37679E-06	5.73527E-06	2.11612E-05
376	9.73966E-06	1.75791E-05	1.19209E-05	4.75730E-05
377	4.08026E-05	3.86802E-06	1.24538E-05	3.04027E-05
378	3.60296E-05	8.17039E-06	1.15894E-05	2.73339E-05
379	2.98846E-05	1.17070E-06	1.70804E-05	4.43781E-05
380	1.83963E-05	1.21561E-05	1.14331E-05	3.14850E-05
381	1.34363E-05	0.00000E+00	0.00000E+00	1.52635E-05
382	1.26278E-05	2.58055E-06	0.00000E+00	2.70840E-05
383	7.20940E-06	1.12380E-05	0.00000E+00	3.66312E-05
384	1.52010E-05	4.26312E-06	1.58709E-06	3.59225E-05
385	1.42153E-05	0.00000E+00	1.06038E-05	4.90036E-05
386	2.18411E-05	0.00000E+00	0.00000E+00	4.95663E-06
387	4.27850E-06	0.00000E+00	0.00000E+00	2.09067E-05
388	1.84414E-05	6.33451E-06	3.42296E-06	2.56689E-05
389	4.17691E-05	6.27355E-06	9.52531E-06	1.81070E-05
390	3.42272E-05	6.73012E-06	1.14667E-05	1.80264E-05
391	3.67934E-05	5.98157E-06	9.66131E-06	2.44008E-05
392	4.17960E-05	2.86175E-06	4.63918E-06	3.17761E-05
393	1.91228E-05	0.00000E+00	3.94793E-06	4.20581E-05
394	1.98661E-05	0.00000E+00	1.80796E-05	2.14206E-05
395	2.48230E-05	0.00000E+00	5.53544E-06	1.77196E-05
396	5.96726E-05	2.83495E-06	9.19147E-06	4.46870E-05
397	2.73804E-05	3.31239E-06	4.99308E-06	2.17355E-05
398	4.52288E-05	4.17625E-06	8.07511E-06	1.49948E-05
399	4.64798E-05	7.81915E-06	5.35460E-06	2.76553E-05
400	6.26691E-05	1.81489E-06	1.06061E-06	3.42695E-05
401	4.41981E-05	8.49747E-07	1.68066E-05	1.04255E-05
402	6.40707E-05	1.15974E-05	1.13089E-05	2.27107E-05
403	4.55571E-05	0.00000E+00	1.26531E-05	2.43389E-05
404	5.79576E-05	2.86238E-06	1.15872E-05	3.32640E-05
405	4.52796E-05	2.08950E-06	3.92039E-06	2.49848E-05
406	6.66781E-05	6.69365E-08	1.31638E-05	3.90903E-05
407	7.87981E-05	5.54996E-06	2.69911E-05	4.01504E-05
408	8.47588E-05	2.50268E-06	2.05477E-05	4.71703E-05
409	9.10063E-05	0.00000E+00	2.38485E-05	6.07459E-05
410	1.00629E-04	2.36904E-06	3.07436E-05	6.88882E-05
411	1.01973E-04	3.79246E-07	4.25692E-05	9.28923E-05
412	1.27809E-04	3.67331E-06	4.85759E-05	1.10515E-04
413	1.29918E-04	6.42260E-07	5.73251E-05	1.46940E-04
414	1.43811E-04	2.10543E-06	6.72075E-05	1.81958E-04
415	1.46608E-04	3.24789E-06	8.83007E-05	2.42927E-04
416	1.75663E-04	8.15813E-06	1.16893E-04	2.76645E-04
417	1.82506E-04	2.37198E-06	1.40128E-04	3.46000E-04
418	2.00929E-04	2.14510E-06	1.58547E-04	4.04867E-04
419	2.20665E-04	2.04446E-06	1.80495E-04	4.68855E-04
420	2.51005E-04	4.43263E-06	2.02469E-04	5.46682E-04
421	2.58768E-04	3.88410E-06	2.29117E-04	6.33886E-04
422	2.80506E-04	0.00000E+00	2.41491E-04	7.09645E-04
423	3.08601E-04	1.09647E-06	2.72555E-04	7.91820E-04
424	3.47360E-04	6.41184E-06	3.00633E-04	8.96344E-04
425	3.84479E-04	7.34035E-06	3.25139E-04	9.97895E-04
426	4.13095E-04	9.41820E-06	3.41466E-04	1.09663E-03
427	4.38064E-04	4.04238E-06	3.58303E-04	1.19062E-03
428	5.01492E-04	9.01095E-06	3.85851E-04	1.33946E-03
429	5.42757E-04	3.53644E-06	4.11846E-04	1.44837E-03
430	5.95030E-04	1.50700E-06	4.41432E-04	1.58142E-03
431	6.57369E-04	3.92656E-06	4.62401E-04	1.72920E-03
432	7.09985E-04	4.15979E-06	4.91200E-04	1.88213E-03
433	7.96367E-04	1.10943E-06	5.21270E-04	2.04959E-03
434	8.61819E-04	0.00000E+00	5.48577E-04	2.22340E-03
435	9.45228E-04	2.59175E-07	5.67001E-04	2.39802E-03
436	1.04438E-03	9.68245E-08	6.07203E-04	2.58962E-03
437	1.13173E-03	0.00000E+00	6.37641E-04	2.79384E-03
438	1.26033E-03	1.43140E-06	6.78333E-04	3.01422E-03
439	1.38076E-03	0.00000E+00	7.17623E-04	3.27255E-03
440	1.51375E-03	0.00000E+00	7.54651E-04	3.49912E-03
441	1.65994E-03	0.00000E+00	7.87317E-04	3.74181E-03
442	1.80750E-03	2.35231E-06	8.38730E-04	4.02053E-03
443	1.99372E-03	6.75798E-07	8.76027E-04	4.28624E-03
444	2.19935E-03	0.00000E+00	9.25268E-04	4.58652E-03
445	2.41886E-03	0.00000E+00	9.74546E-04	4.85929E-03
446	2.63844E-03	0.00000E+00	1.02013E-03	5.13130E-03
447	2.87386E-03	0.00000E+00	1.06756E-03	5.39053E-03
448	3.12623E-03	3.56569E-06	1.10529E-03	5.60295E-03
449	3.33836E-03	0.00000E+00	1.12816E-03	5.73174E-03
450	3.56584E-03	0.00000E+00	1.15159E-03	5.86301E-03
451	3.73832E-03	0.00000E+00	1.17005E-03	5.92555E-03
452	3.91045E-03	0.00000E+00	1.16849E-03	5.93110E-03
453	4.04036E-03	9.07921E-07	1.17398E-03	5.87214E-03
454	4.08441E-03	0.00000E+00	1.12214E-03	5.70340E-03
455	4.11256E-03	4.99138E-07	1.09172E-03	5.52530E-03
456	4.12265E-03	2.87651E-07	1.12080E-03	5.39372E-03
457	4.05629E-03	0.00000E+00	1.08920E-03	5.12919E-03
458	3.97250E-03	2.94320E-06	1.06679E-03	4.92644E-03
459	3.89147E-03	1.85442E-06	1.03053E-03	4.67398E-03
460	3.78486E-03	2.28840E-06	1.01061E-03	4.44814E-03
461	3.69925E-03	2.41834E-06	9.88169E-04	4.24553E-03
462	3.62583E-03	1.38687E-06	9.76728E-04	4.09012E-03
463	3.51313E-03	1.06189E-06	9.54784E-04	3.88676E-03
464	3.43843E-03	6.28637E-07	9.46627E-04	3.72913E-03
465	3.40439E-03	1.85414E-06	9.42580E-04	3.61972E-03
466	3.35439E-03	1.01977E-06	9.36687E-04	3.52509E-03
467	3.33137E-03	2.26337E-06	9.46411E-04	3.42992E-03
468	3.27877E-03	4.81155E-06	9.40437E-04	3.32246E-03
469	3.23321E-03	2.93617E-06	9.39134E-04	3.25939E-03
470	3.20153E-03	2.91645E-07	9.49406E-04	3.19271E-03
471	3.15171E-03	0.00000E+00	9.52668E-04	3.10358E-03
472	3.11586E-03	0.00000E+00	9.61288E-04	3.02908E-03
473	3.06378E-03	4.26935E-06	9.72937E-04	2.99290E-03
474	3.00759E-03	7.79369E-07	9.78154E-04	2.92997E-03
475	2.98590E-03	0.00000E+00	9.99872E-04	2.89846E-03
476	2.95455E-03	0.00000E+00	1.02239E-03	2.87288E-03
477	2.93747E-03	0.00000E+00	1.04546E-03	2.86571E-03
478	2.92768E-03	9.95252E-07	1.08015E-03	2.87195E-03
479	2.93560E-03	5.76561E-07	1.10998E-03	2.89251E-03
480	2.93944E-03	0.00000E+00	1.14564E-03	2.91989E-03
481	2.97723E-03	0.00000E+00	1.18771E-03	2.95481E-03
482	3.00164E-03	2.39844E-06	1.23435E-03	3.00276E-03
483	3.07422E-03	5.16898E-07	1.29615E-03	3.09650E-03
484	3.12984E-03	1.70657E-06	1.34944E-03	3.17471E-03
485	3.17312E-03	9.84718E-08	1.40088E-03	3.23556E-03
486	3.25685E-03	9.26711E-08	1.47117E-03	3.32327E-03
487	3.34083E-03	7.61738E-07	1.52396E-03	3.41792E-03
488	3.42644E-03	0.00000E+00	1.56754E-03	3.49873E-03
489	3.48589E-03	0.00000E+00	1.64505E-03	3.58842E-03
490	3.58128E-03	0.00000E+00	1.71113E-03	3.68556E-03
491	3.66062E-03	8.20325E-07	1.76995E-03	3.77645E-03
492	3.77220E-03	4.61381E-07	1.83766E-03	3.87503E-03
493	3.85685E-03	1.85670E-09	1.90595E-03	3.97731E-03
494	3.95380E-03	9.07157E-07	1.95980E-03	4.06363E-03
